5354872120
5541637881
2128790275
6468643944
3290529090
2369860215
1747544041
2204268187
6040314074
2819383354
6493498344
5315898635
2907659847
5683514261
2168756747
6214894104
6013411916
5253466499
2613344755
6484366108
6488790497
3133598165
5658139995
5319827788
6389606174
3816283604
2877498482
6226008858
6093323538
6378172022
5863441338
5819288616
6146793605
6036464547
3810163169
5552581209
5230937302
5564815099
6171779521
6358808425
5602558419
5529262036
6058272322
2837953382
2306373377
3176443901
1788216821
5626633674
5533395969
1764542032
3491943874
5855902359
5651389393
3984656655
6493418843
6327566178
6478321168
2447201493
6189166049
5881831541
6477903042
5236057504
2517380202
5521935224
6379241658
5711862351
5649092174
2808099144
6113655109
2892434314
5761010112
3627232020
6061176036
5850195708
5217007902
3276515240
6369219433
2871781082
2887725470
2130918477
6012931783
2074771327
2853211033
5417349150
6493912078
3884891231
6474177392
5662354008
6160945069
5639486246
5804875378
5667843992
1807150824
5279558727
5908105162
3047745865
5255735261
6469237549
1850297274
5864584146
5087322500
6019204989
6155100022
6474764261
5825845523
2648871252
3121870821
5329236624
6456690329
3264986341
3499047664
5605383662
6191718915
6493177916
5340159926
6448814878
2085715521
5493425706
1067406731
2048091101
6055222634
5724058778
6378697053
5553834117
5391972023
6493916619
6488956143
2065202391
5263554574
6488579374
5202287931
5341303817
5657334588
6285405622
5516186396
6493923784
5368496415
6280196848
5261870465
1771732891
6348662391
5517769791
5343497496
1618369593
5799595759
5409009840
5317349543
3205473613
5344113527
1408874714
6036259683
3829271718
3741605764
5518412412
5521937130
5584805727
3553336661
5232495094
2491123533
5327186169
5827471482
5130636916
1986096675
5951679535
6457413779
5833244221
5688606350
5255002788
6489608444
6374791735
5658639185
5848038870
3674528554
5697969545
3504031354
6464317463
5575706199
6480480607
3424855782
1934281427
5632062706
6381231147
5097102539
5261501153
5396515474
6441188764
5658764887
6452185203
6035593058
6493900915
6449999299
1935095087
3167227027
6443993966
6475543585
6378217252
6056482537
5754605942
5868115399
5666117040
1824653815
6315065057
5626360106
6018505209
1909798283
6449398896
6189274574
6276012461
5878973309
6036703332
1799753703
6491652087
2502332381
6096017512
6324408550
6177429961
5453926828
5544728713
5864467782
5824659218
6478114231
3591803895
5857063397
5620572130
5447755190
6486246973
6342531658
6492144615
5767838787
5438832845
6450229392
5880804440
5458106202
5666880800
6490074202
6007195688
5449550223
5726691299
3425079880
2817189694
6267562362
6486310010
3182859032
5847602989
1633031162
6304160230
6431891450
3179124532
5856991039
5587465610
5288837692
3215245164
5318662221
3681879884
5884908811
2205491201
6320700830
6457763977
6269572675
3808046746
5588086237
5887222070
5245045434
5635905061
5245778579
6212805794
5515181505
6019188588
1910037552
3178317584
6436026221
5958399578
3975644360
1683233087
3040658762
5608969094
5247255158
3178068777
5252202360
6466530652
5736924530
5319474135
3877678853
6389877259
1938243941
6119177841
5847698050
5192568584
6448202944
6019348307
5163201386
6453713861
2116778174
5664641395
5868148128
5169985361
6489608444
6393921709
5182256941
6279529561
5314104509
5734142457
6401668305
6358642977
1883679855
5524433063
6161728359
1784457240
6462736598
5600709528
3183163362
5381345681
5172441809
5077894637
3992554336
6501367600
3870503099
5600272294
6202335377
6209221569
3184295682
6498094516
6482190353
2670713834
5743501431
2364260231
6286674283
6186821536
6379312447
3163969562
2920760985
5357120570
6331682646
2372056127
6451349966
5723492958
1768441982
1873300740
2792815593
5712674437
5668109418
6455522289
3940000396
5784329908
6441078734
2271802990
5313406264
6304391449
6221517770
5701693395
6274091324
5709208789
5683431043
5718307874
5712150026
6453777940
6357154159
1259116297
6043565448
5845464758
5722417850
5311514475
6441146382
6488956143
6461516177
5964320758
5203904787
5979335368
3316741992
3173192305
5196284672
5687059452
3847994048
5618707256
5723076178
5720073842
5878477540
5769312536
3893547558
2701417587
2169989332
5403322785
5493108321
2282148464
5255758472
3517559227
6423131260
6286470822
2323428692
6488456388
6054555614
5317013703
6079233910
5616961277
5885441782
6034861054
5319524852
1974789272
3744232331
6065708888
5833244221
6174103484
6466827267
3282114674
5623490717
5749148074
5522145221
1630462064
6449202523
5347507845
5912331362
6468815580
6062706950
6011115488
5840348475
5365840537
6327566178
5335470041
5258209146
6478760297
3164836983
5432426840
6449430448
6122141912
6454503650
5785001286
5881458639
3209791281
5502007334
6040098294
3480059057
6491902954
2119844792
5644683478
5824607893
5969778530
6455583825
5491906315
5621851320
1749195415
1202345505
6490572441
3126315001
5238703782
2537510315
2915518451
6409442333
5230859677
5231700670
5876187191
3514301133
2279947054
2070762662
5368238304
2338253181
6334338327
5731702448
2745468934
3166229371
5688081737
3015350062
5257493093
1862951600
6095941471
6203227334
6031235546
6489821043
2060367682
5372975213
5737692772
6025572321
1778279265
6335346219
6219357193
2916484217
5725869361
6489598232
6461100470
6425445789
1648874401
6067532977
3848697406
5655773953
6442810976
6493900915
5306605070
5293265877
5958127536
6173932283
5982431423
2675464654
5345863714
5859479671
3479769107
5203764510
3027541821
5701690469
6085930948
5484361457
6073434923
5964320758
1152121153
5661910937
6040131224
6451145993
6088600113
5743899431
5638011238
5591103602
6024000238
2197493077
2876494655
5281241671
1999613401
5767495884
5883045594
3275733945
1281994327
6387830129
6175086585
5515615097
6442253177
6386699658
6450806788
2411707227
5486410175
3643254685
6442492569
6469521107
6441835493
6241671763
5078005913
6440265648
5192956693
5474961912
6025814051
1963034653
5703610519
5717493376
6337311733
5690460316
2161651632
5787216612
6463056414
6489608444
5022873973
6242821557
6141677635
2707882143
6462736598
5313406264
5174101229
6449751516
5977216099
6150036599
6498387058
2593281613
2881744861
6057490837
5880839180
6478372733
6129465761
5295160947
3612737075
5729223159
2870998545
3334589260
6369929428
2737619834
2879760881
2453710544
6372889698
2087353563
6449758046
2813002501
1106654231
3943206030
5752027231
5803508381
6416511935
5697089652
1202345505
3016098413
5711231347
6463050925
1752271831
6440265973
5221495990
5310591990
5268062971
3729990931
5440887329
6442026943
5642161294
6272251359
5281674714
5757000708
5603255420
5336286857
6345156632
5665777633
1937188631
2070762662
5706384291
2466498537
6378420108
6006279476
6375294911
6350038656
5411839928
6445866835
2288332561
6459683301
5230449938
1660213307
6434185552
3884625956
6444225661
6452402884
5065307590
6455850120
3508644102
5718644814
3619877511
3313522383
2796419932
2883425024
5749748272
6388075336
5848567273
3179501240
6368989812
6243069307
6044743814
5888826513
6441121961
1768313570
5939994103
5462340769
5686275331
3751356107
6233851330
3163969562
5999368034
6062519889
5705193481
3216276895
3627163345
1229649833
5270995570
6375865031
3970145911
5999243961
6439330198
6451345141
6393134560
6387429364
5262512504
6462230613
6477548411
6321116758
5745710381
5118872093
5712855996
2382526160
1776900913
6478719235
3029815887
6486436862
1926355361
5316354885
5588792643
6456015861
1047594304
3153136154
3829895401
5999243961
5752027231
5065307590
2813002501
2883425024
5411839928
3884625956
5977216099
3216276895
5757000708
6375294911
5486410175
5749748272
1776900913
6478372733
5880839180
6440265973
6386699658
3016098413
6175086585
5690460316
1202345505
5661910937
6462736598
6440265648
6350038656
2466498537
5803508381
6150036599
2087353563
6368989812
5999368034
2675464654
5697089652
6337311733
5686275331
6085930948
6489608444
2737619834
6449758046
5859479671
3627163345
5712855996
5203764510
6378420108
6369929428
2382526160
5706384291
1047594304
5705193481
3163969562
6451145993
6372889698
5230449938
3179501240
6387830129
1152121153
5462340769
3153136154
5474961912
6445866835
6469521107
2411707227
6393134560
6442492569
6129465761
5888826513
6388075336
5638011238
5295160947
1768313570
6455850120
5883045594
2870998545
5440887329
6044743814
6486436862
5174101229
6062519889
5767495884
3643254685
1963034653
6387429364
5787216612
5729223159
5745710381
1229649833
3313522383
5268062971
6375865031
3027541821
5642161294
2288332561
5848567273
6345156632
6040131224
2796419932
2070762662
6463050925
3619877511
6478719235
5515615097
3508644102
5281241671
6321116758
6451345141
1106654231
5221495990
5078005913
6450806788
6498387058
5281674714
5588792643
3970145911
3612737075
6241671763
5703610519
6452402884
6073434923
6441121961
5939994103
5711231347
1999613401
5591103602
5118872093
1752271831
5743899431
1281994327
1937188631
5262512504
6434185552
2881744861
6463056414
5313406264
5336286857
2876494655
2197493077
2707882143
5603255420
6456015861
5345863714
6439330198
3751356107
6243069307
5270995570
5964320758
3943206030
5665777633
5484361457
3334589260
6024000238
6442253177
3729990931
6442026943
6462230613
6477548411
3275733945
5310591990
6272251359
6416511935
6233851330
3829895401
5316354885
6459683301
5701690469
1926355361
6057490837
2593281613
5022873973
2161651632
2879760881
6025814051
5717493376
6441835493
3479769107
3029815887
6242821557
6449751516
1660213307
6141677635
6006279476
5982431423
6088600113
2453710544
6444225661
5718644814
5192956693
6173932283
2997125650
5824607893
6053602393
1866286737
1650891843
6418255936
5098137493
1771025481
5456059342
5481749797
5536889265
5763505074
6012071236
5629264938
2837630131
3218934735
3291218451
1871868214
5960938070
6505487357
2866480167
3447506872
1752325070
2089812577
3657176795
3324810182
5250271284
5614022863
5533080285
5260695034
2836659742
5374629117
1952857297
3836729356
1832140493
2405106540
5856651092
2172410940
6432595631
5000151214
6016200606
1801268542
2446483524
5132391170
3130061705
5521478062
1733122665
6442255069
3673192013
6501998330
5145526753
5202981444
2698049611
1291555694
5651230280
6505026823
5936390340
2368103280
5080925849
6088563348
2289082874
5643538968
6052174368
5765813648
5816926414
5037291691
6065977700
5325243829
2875494780
6063025195
6083352319
5626920321
1173619981
5203345827
6467211856
6008139728
2104378152
1639753237
5849696044
5266678109
3802789370
5905759462
5549937568
5062053518
5758279437
2820472412
6470367006
5953704747
5707801131
2165322343
2328191992
3191125453
3986818546
2644062451
5327690673
1864516625
1017215147
3312325372
3528137795
1075583557
3626570762
2059548642
5707976116
5578867345
3219954795
1698967885
5296273263
5599250386
2641152167
1800398734
2328760671
6358267270
5152174855
2306747270
5272746226
6370036609
1401909814
5788752409
1282113051
5644169672
6159350023
5478786325
2750840585
5285658350
6456596314
5726929863
3047745865
6507167919
6044013399
5124660226
2950197631
5604957459
1764625620
2521620484
2692073317
3635889801
5913520311
5624058551
5638934545
5671692723
6361181592
5694091735
3135007935
2731713204
3287023620
5890623289
2265365990
5890504388
5715650706
3458126012
6083968622
5635795671
6153307800
5033175661
2678653624
5507684081
5505480435
5015747643
5669684355
3244881181
6017127157
3009977212
6045189009
1840058632
5701361412
5680720116
5500815842
3152898072
5745775776
2257541792
6307929031
2834859411
5970492045
5138522145
6311054643
5282025599
2271184985
1737932952
3926836499
6291337350
2631552540
2135616971
1787773341
1802497723
5870179403
2664904990
6028195663
3979091570
3915132950
2737260283
3841931603
2820629712
5640361033
6047259756
6430315759
6296030824
2421877302
6307929031
5202981444
5080925849
2271184985
5481749797
2997125650
5604957459
2836659742
5643538968
5500815842
1737932952
2698049611
1771025481
1764625620
5521478062
6008139728
6358267270
1650891843
5680720116
6507167919
6016200606
5624058551
3218934735
2837630131
5890623289
5671692723
5788752409
6083352319
2664904990
6065977700
3979091570
5763505074
5913520311
5266678109
6501998330
6467211856
5250271284
5644169672
1401909814
5638934545
6418255936
6291337350
5536889265
5816926414
5715650706
1733122665
5374629117
2631552540
5033175661
6430315759
2059548642
2521620484
2866480167
5694091735
3986818546
2834859411
3926836499
2750840585
2446483524
2820629712
5614022863
1017215147
3635889801
5824607893
6053602393
2328760671
6296030824
5296273263
1832140493
3291218451
5905759462
3657176795
5960938070
1787773341
5936390340
6432595631
5124660226
5037291691
6361181592
6456596314
5533080285
3841931603
5152174855
6063025195
6083968622
2405106540
2328191992
5456059342
6370036609
2135616971
5578867345
5765813648
5758279437
3312325372
5132391170
1752325070
5599250386
1864516625
5669684355
2692073317
5285658350
3047745865
3802789370
5745775776
5203345827
3915132950
6088563348
2104378152
6159350023
6153307800
2172410940
3287023620
5260695034
2641152167
5651230280
3458126012
5145526753
2820472412
2257541792
5953704747
5327690673
5062053518
3673192013
1173619981
6052174368
3191125453
5098137493
5849696044
3219954795
3009977212
2421877302
5138522145
3135007935
3152898072
6045189009
6047259756
3626570762
5507684081
5890504388
5272746226
5325243829
3324810182
6017127157
1800398734
5870179403
5726929863
5549937568
2368103280
6442255069
3447506872
2731713204
2306747270
1075583557
1802497723
2950197631
1801268542
3528137795
1952857297
6028195663
5970492045
2289082874
2265365990
1866286737
5856651092
6505487357
5629264938
5640361033
2875494780
3244881181
6044013399
3130061705
5707801131
2678653624
5000151214
1840058632
5015747643
6311054643
3836729356
1698967885
1871868214
1282113051
6470367006
5626920321
5707976116
6505026823
5505480435
1639753237
2644062451
6012071236
5478786325
5282025599
2089812577
1291555694
5635795671
2165322343
2737260283
5701361412
5098137493
2644062451
2104378152
5707976116
3657176795
6017127157
3312325372
5374629117
5651230280
6430315759
3979091570
5250271284
5701361412
2875494780
5745775776
5260695034
2306747270
2866480167
3802789370
1871868214
6063025195
3152898072
5578867345
5905759462
5478786325
6505026823
5671692723
2521620484
6505487357
2750840585
1800398734
5707801131
3191125453
1802497723
3287023620
2678653624
2834859411
5000151214
6370036609
6507167919
5599250386
6016200606
5870179403
3673192013
5037291691
6053602393
3135007935
3841931603
3915132950
1282113051
3291218451
3324810182
1801268542
5062053518
3244881181
2837630131
1866286737
2836659742
1737932952
5456059342
5890504388
6361181592
5203345827
5763505074
6083352319
1787773341
2059548642
2135616971
5266678109
5481749797
3458126012
3986818546
6083968622
1840058632
6358267270
5138522145
5202981444
6467211856
5614022863
5638934545
3528137795
1952857297
6296030824
1017215147
5849696044
5282025599
2271184985
5015747643
1291555694
5890623289
5033175661
3926836499
5505480435
5272746226
5960938070
6047259756
5970492045
2631552540
6044013399
6052174368
5080925849
5644169672
3047745865
5936390340
2731713204
5824607893
5913520311
5816926414
3836729356
1864516625
1639753237
6028195663
6012071236
5536889265
5640361033
1733122665
5643538968
6432595631
2737260283
1764625620
5635795671
1173619981
1771025481
2641152167
1075583557
1752325070
5500815842
1698967885
1832140493
5124660226
5694091735
5726929863
5327690673
5715650706
5285658350
6470367006
5604957459
2405106540
5325243829
6159350023
5626920321
6045189009
5953704747
2089812577
6291337350
6307929031
2698049611
3626570762
2368103280
3218934735
5533080285
5680720116
2172410940
1650891843
2257541792
2664904990
2328191992
6418255936
5624058551
3009977212
3219954795
2421877302
5788752409
5152174855
3130061705
2289082874
5296273263
5549937568
3635889801
5507684081
2997125650
6456596314
6008139728
2950197631
2265365990
5132391170
6088563348
6501998330
6442255069
5145526753
6065977700
2165322343
2820472412
6153307800
5856651092
6311054643
3447506872
2692073317
1401909814
5669684355
2328760671
5765813648
5521478062
5629264938
2820629712
5758279437
2446483524
1639753237
1800398734
5549937568
5726929863
2664904990
2866480167
6083352319
5145526753
1764625620
6470367006
5671692723
3802789370
2059548642
5624058551
1952857297
5124660226
5970492045
3324810182
3218934735
2750840585
3312325372
5816926414
6307929031
2328191992
5953704747
5824607893
1075583557
5578867345
3979091570
5614022863
2997125650
5272746226
5260695034
5536889265
1802497723
2165322343
2737260283
3219954795
3191125453
6291337350
5033175661
2521620484
5635795671
2089812577
5374629117
6012071236
2421877302
3528137795
5758279437
2172410940
2257541792
5707801131
1801268542
6507167919
5507684081
6442255069
6296030824
5599250386
2950197631
6370036609
6505026823
3047745865
3458126012
3447506872
5015747643
3657176795
5327690673
5626920321
6361181592
2644062451
5765813648
5638934545
6456596314
2306747270
5478786325
1650891843
2265365990
6432595631
5080925849
5788752409
2104378152
2641152167
5707976116
5701361412
3836729356
5651230280
2446483524
5456059342
2834859411
6017127157
1832140493
3244881181
1173619981
5285658350
2836659742
1864516625
1401909814
6052174368
5936390340
6088563348
3135007935
5296273263
1771025481
2328760671
5098137493
5481749797
5202981444
6153307800
5604957459
6044013399
6311054643
3152898072
6358267270
5505480435
5644169672
6159350023
2271184985
3626570762
1733122665
5521478062
6008139728
2135616971
5870179403
5905759462
5960938070
2698049611
5138522145
1871868214
3635889801
3291218451
5266678109
6430315759
2289082874
2405106540
6016200606
2820472412
1698967885
2875494780
1787773341
1737932952
5890623289
5282025599
5250271284
5643538968
5763505074
5203345827
2692073317
5715650706
3841931603
6505487357
6053602393
6047259756
5500815842
5856651092
6467211856
3009977212
5669684355
5037291691
1840058632
5849696044
2820629712
5000151214
6083968622
3130061705
2631552540
6063025195
5152174855
6418255936
5694091735
5680720116
3926836499
2837630131
1017215147
5062053518
3986818546
6045189009
5533080285
5629264938
3287023620
5890504388
2678653624
5640361033
5745775776
1282113051
5325243829
2368103280
2731713204
6065977700
1291555694
5132391170
1752325070
1866286737
3915132950
3673192013
6501998330
6028195663
5913520311
3951645176
5848588108
3913348153
5687950778
3708372452
5163726169
6499640271
5425745343
5976718621
5644476924
2011108973
3990608092
5628188743
5928853712
3991906516
5500979947
5344434785
3207271157
3176298952
6484326026
5456273837
6393169300
6011721275
3190237532
3562091002
2418741663
5211243114
2414227860
2126303464
2881852254
5699962983
5360441036
5708259655
1846210310
5977070512
5186019427
3199357743
6349484910
3289947631
2475540094
6086311846
5790385742
5957931465
6518385840
5221161132
6398032482
2112881233
5871112192
6449071113
2168784674
6377018270
5155030947
5816165616
5326906983
3954647790
1684997407
5719086752
5709687101
5304522846
5804620930
2716283473
5872063908
5358165818
1798993020
6478336134
3203767804
6108344494
5053956459
6518752086
5280425436
1890465137
5966978636
1942865252
6008755116
5892274139
1686699444
6220231550
6391717966
5649257352
5344798731
5984537970
6509769369
6446378335
5222930443
5260888197
6336035858
6508002950
5738706489
5652855281
5392704037
6095608982
5828925991
3123451307
3243930931
6518396924
5670959400
1832626742
5909184513
1940107592
5853720495
6095722598
6530023588
5819991884
5614447884
5885074347
5738975882
6442033981
6008978795
6466394295
6318045451
5399153408
5618694862
5753887646
2660462940
6524299558
5865467278
5343719067
5878969951
6070958062
5535501917
2671564730
5822978066
5342097387
2632739783
2140661994
5401654002
6030124474
6519431495
5690414959
1772334893
5065787124
3307012385
6081335978
3616560383
2852716604
5484397892
5065308939
5532648920
3153657744
5638686442
5557273028
5505099997
6177404326
1885892614
6529661689
5454097959
5945398868
6366844112
1993290405
3165716202
2248574533
6532514265
5304690594
5516261164
5664341483
6530031811
5092805628
6527874687
6178473909
6527581381
1956576253
2814515460
6009802429
3238363112
5878357580
5838666899
1634677874
5867548934
5658286630
5037531374
1647077461
6530041923
2761520987
5784825330
6029139038
6516911026
6507703441
3898546514
5354615390
5241526173
5237812156
3185824672
3579988864
5766187740
6533178939
6362027932
1680411337
6303347318
2600758233
5253710114
6530018670
6398116543
5718202320
1958496807
5344389748
5390342288
6530368054
2455300255
6326295593
5697605276
5476331149
6533193753
5508405091
5726341793
6530396045
5514827093
5899303695
6522160411
6407919282
6530870043
3696637537
6529364549
5688564357
6506940343
1342988704
6530652369
2865915402
2832234993
6337773083
5485645762
5872307263
6409611065
6533686866
6446550715
6163434739
6527052650
5293541869
5172879929
6411372362
6533559696
5271597702
5878641649
6398080464
6446918681
5666039759
6530533379
5973126210
6443097623
2871710324
6533378026
2081273445
6363038804
6403842736
5805199174
5489799739
2958095113
6056489933
5336490438
5031900982
1302426605
5248532035
5021667074
3004071725
5735194203
2961303772
5524086747
6289164828
5367885016
5419110695
2882486854
5718876586
5484508260
5336788701
3392050232
6530372599
1640645442
5138701553
5955211933
5388120037
5640359018
5901333074
3047745865
5812576046
5930833469
2663608030
5366077108
5589896408
6460413344
6377290257
3798806782
6111229667
5874307666
5991954293
6080180780
5354558392
6257785412
5667200770
6222889245
6376712608
5626207802
3705366861
6132090673
6337268227
3290225692
5979770753
6498380298
5665575926
1998688251
5301869880
6269732862
2206134512
1631935631
1278158950
5653310707
6446550715
6195710340
5166276848
5307050670
2075807297
1747183053
2257541792
1724519255
1762644470
5723157605
2491685687
6371989264
6430026678
1566043215
6477490563
5947673306
5968229564
6115247537
1265354777
3558681177
1523171794
5048698338
2792835233
6339041122
6531915092
5013089052
6499845893
1937515927
6524055538
5991015844
6433327301
2592915912
6321094673
5317970425
3104380347
6042259643
2615709021
6037598734
1342988704
2834639294
5341450777
5262163803
5467712674
1392964665
6407612236
3191574655
6049379717
3779586222
5629444265
6523834230
5489561468
2863248270
2251358753
2599263424
5623149278
2452924263
5621696369
5909002742
5516179097
6458695936
2163212943
5019183312
6359337358
3170971543
5342282871
5258480496
2649142643
1783713635
5737061183
6354914667
6327069901
3221471512
1716639767
5891325051
6442739829
1782692627
5995674379
2079119925
5743220282
5863381517
5304522846
6530396045
6331264553
6466576545
5696178886
6530157836
3599199853
1041958170
5575078381
5691009273
6101302814
5705581972
6293412129
5893357194
3279608675
3246269440
5760336259
6056326703
5013474342
6439097451
6509304177
5745589739
2214137687
2676681771
1733873647
2898854677
6345322754
6469589891
6525402571
5697605276
2407994803
6524519746
3277410332
6134615715
3580564052
5263554574
5677925404
1825331662
6530805260
3877578724
6331177442
5677361076
2527804167
6065791920
6033027349
5734356433
3062257250
3131272867
6220429241
5119676318
6508370918
5334800158
1967471303
5344387231
6398522608
6446510338
2298642217
6435162195
6477530506
6020815868
2704383700
2906819543
6028194130
1883585114
5050624082
5270135259
5124366555
6531750415
5938233961
5747084792
1615255191
6202241284
3209570210
5695790107
1868491134
1794481385
1132776625
3904142560
6288221647
5102606281
5846260691
6358675715
3040727604
3705765153
6005372560
6525625732
5351158796
1849259085
5460152270
6477111392
5314804739
6271693584
6045030803
5768848045
5206544803
6527581381
5249267579
1309477172
6096301612
5299587733
5040239479
6487887198
5757083449
6477907467
6436075647
1689971510
5247840533
1831032777
5840387198
5823803688
1879370197
6443631125
5341731284
3259678944
2787157064
6097275695
6510318135
5627359291
2189302405
3855175451
5943412294
3944892495
1703420357
6516466999
3261558734
2859689272
5710600030
3003606247
5518921922
5233643751
6524068918
5501411075
5633341576
6124563740
5245376964
6017585071
3349849894
5635839524
5861446943
5987981286
3199827435
5640533141
1919013741
5343507838
1692976852
6048123847
6155326831
5374866040
2885372262
5736556700
6328565729
1767347600
1751002072
5985416534
6087745251
3310233175
5371637932
6526559974
6468819520
3898072399
3738130725
5241356055
5266383678
5423551486
5824019710
6259112353
5721426186
5842185203
1872395834
1959656791
3273344084
6305366561
5701966044
2013656985
2153110393
5978965712
3920003473
6521817959
2369238192
5308049265
2340257681
6293077455
5188892816
3053396587
6065805979
5091266085
2253394312
3961575364
5631027871
5662776992
5738791046
3950111720
5988235100
6016406538
5228593000
5367509603
5231701034
2686054852
5224508854
6530368054
5345932702
2675488381
2745592073
3195591023
3514500124
6171061169
